0,1,0,0,1,0
1,6,12,0,6,0
2,3,2,0,3,1
3,14,15,9,12,10
4,16,15,13,16,15
5,16,15,13,16,14
6,16,15,7,16,11
7,16,15,12,16,14
8,16,15,15,16,15
9,16,15,15,16,15
10,16,15,16,16,16
11,16,15,16,16,16
12,16,15,16,16,16
13,16,15,16,16,16
14,16,15,16,16,16
15,16,15,16,16,16
16,16,15,16,16,16
17,16,15,16,16,16
18,16,15,16,16,16
19,16,15,16,16,16
20,16,15,16,16,16
21,16,15,16,16,16
22,16,15,16,16,16
23,16,15,16,16,16
24,16,15,16,16,16
25,16,15,16,16,16
26,16,15,16,16,16
27,16,15,16,16,16
28,16,15,16,16,16
29,16,15,16,16,16
30,16,15,16,16,16
31,16,15,0,0,0
