0,2,5001,0,0,960,4,752,6,1136,8,661,a,1437,c,55,
1,6,1136,1,0,874,1,20,2,242,
1,a,1437,2,0,1437,
1,0,960,3,0,960,
1,8,661,4,0,661,
1,4,752,5,0,752,
1,c,55,6,0,55,
2,0,4739,7,0,617,1,1286,2,491,3,290,4,856,5,342,6,311,7,348,8,4,a,79,b,46,c,6,d,8,f,55,
2,2,242,8,0,242,
2,1,20,9,0,20,
3,6,311,10,0,17,1,28,2,47,3,41,4,11,5,9,6,8,7,14,8,18,9,12,a,22,b,6,c,8,d,20,e,32,f,18,
3,0,879,11,0,425,1,180,2,4,3,6,4,18,5,14,6,16,7,9,8,53,9,50,a,3,b,22,c,23,d,26,e,14,f,16,
3,1,1286,12,0,770,1,136,2,14,3,2,4,203,5,25,6,2,7,28,8,37,9,6,a,14,b,21,c,18,d,4,e,2,f,4,
3,7,348,13,0,2,1,46,2,12,3,10,4,6,5,16,6,12,7,26,8,24,9,14,a,16,b,12,c,12,d,4,e,8,f,128,
3,2,491,14,0,142,1,9,2,116,3,9,4,16,5,12,6,15,7,6,8,24,9,6,a,18,b,4,c,14,d,4,e,55,f,41,
3,4,856,15,0,296,1,94,2,129,3,78,4,74,5,4,6,6,7,6,8,18,9,12,a,6,b,17,c,21,d,66,e,16,f,13,
3,5,342,16,0,14,1,14,2,16,3,16,4,53,5,6,6,78,7,20,8,21,9,31,a,16,b,12,c,4,d,21,e,6,f,14,
3,3,290,17,0,24,1,18,2,32,3,22,4,26,5,26,6,22,7,16,8,18,9,10,a,28,b,20,c,12,d,6,e,2,f,8,
3,f,55,18,e,2,f,53,
3,b,46,19,1,2,2,6,4,16,5,2,7,2,8,3,9,4,b,4,c,2,d,1,e,2,f,2,
3,a,79,20,0,26,1,2,2,4,3,3,4,4,6,6,7,6,8,4,a,4,b,2,c,4,d,2,e,8,f,4,
3,d,8,21,2,2,5,2,6,2,a,2,
3,c,6,22,7,2,e,4,
3,8,4,23,0,4,
4,9,145,24,0,39,1,6,2,4,3,7,4,4,5,8,6,4,7,6,8,27,9,6,b,6,c,4,d,6,e,12,f,6,
4,c,118,25,0,8,2,2,3,10,5,8,6,2,8,8,9,11,a,16,b,20,c,10,d,2,e,15,f,6,
4,0,1720,26,0,277,1,290,2,57,3,92,4,65,5,300,6,193,7,27,8,71,9,59,a,16,b,26,c,57,d,96,e,64,f,30,
4,5,116,27,0,15,1,2,2,14,3,10,4,8,5,2,6,6,7,4,8,9,9,8,a,2,b,2,c,6,d,8,e,8,f,12,
4,6,167,28,0,4,1,6,2,8,3,2,4,14,5,4,6,8,7,2,9,11,a,6,b,2,c,14,d,8,e,74,f,4,
4,a,129,29,0,10,1,4,2,4,3,4,4,15,5,4,6,8,7,6,8,8,9,12,a,7,b,6,c,14,d,9,e,18,
4,2,382,30,0,22,1,16,2,8,3,18,4,14,5,22,6,58,7,38,8,63,9,14,a,13,b,10,c,26,d,40,e,8,f,12,
4,1,529,31,0,56,1,22,2,39,3,37,4,82,5,18,6,52,7,9,8,40,9,46,a,29,b,26,c,28,d,16,e,8,f,21,
4,4,427,32,0,18,1,12,2,16,3,18,4,36,5,14,6,6,7,20,8,117,9,79,a,10,b,8,c,18,d,5,e,50,
4,b,120,33,0,16,1,2,2,3,3,6,4,14,5,14,6,4,7,2,8,10,9,2,a,16,b,4,c,14,d,6,e,7,
4,8,220,34,0,12,1,47,2,1,3,8,4,4,5,3,6,22,7,8,8,47,a,19,b,20,c,6,d,11,e,10,f,2,
4,3,187,35,0,39,1,8,2,16,3,14,4,10,5,12,6,14,7,4,8,7,9,10,a,11,b,14,c,4,d,6,e,16,f,2,
4,f,301,36,0,20,1,19,2,4,3,10,4,18,5,14,6,6,7,47,8,10,9,15,a,10,b,30,c,21,d,8,e,28,f,41,
4,e,151,37,0,16,1,10,2,1,3,10,4,2,5,10,6,4,7,4,8,24,9,32,a,4,b,4,c,2,d,4,e,10,f,14,
4,d,154,38,0,11,1,2,2,9,3,4,4,7,5,9,6,62,8,4,9,2,a,20,b,4,c,4,d,4,e,4,f,8,
4,7,135,39,0,4,1,8,2,4,3,16,4,8,5,8,6,8,7,8,8,4,9,4,a,4,b,9,c,10,d,8,e,28,f,4,
5,e,360,40,0,137,1,6,2,9,3,6,4,56,5,4,6,13,7,2,8,39,9,6,a,14,b,2,c,32,d,2,e,26,f,6,
5,b,191,41,0,53,1,10,2,6,4,20,5,2,6,2,7,6,8,20,9,22,a,6,b,6,c,18,d,8,e,2,f,10,
5,5,450,42,0,73,2,8,3,10,4,12,5,23,6,93,7,136,8,39,9,4,a,12,b,10,c,18,d,2,e,4,f,6,
5,6,457,43,0,105,1,8,2,14,3,8,4,28,5,2,6,8,7,150,8,28,9,11,a,12,b,14,c,18,d,2,e,6,f,43,
5,c,238,44,0,58,2,18,3,21,4,42,6,6,8,45,9,8,a,8,c,20,d,6,e,2,f,4,
5,0,567,45,0,253,1,33,2,8,3,13,4,20,5,23,6,34,7,12,8,61,9,8,a,29,b,8,c,16,d,16,e,29,f,4,
5,2,190,46,0,41,1,8,2,6,4,22,6,6,7,6,8,31,9,4,b,19,c,38,e,6,f,3,
5,8,449,47,0,198,1,6,2,4,3,4,4,26,5,4,6,11,7,52,8,90,9,12,a,2,b,8,c,14,d,2,e,4,f,12,
5,9,311,48,0,74,1,2,2,4,3,12,4,21,5,9,6,13,7,10,8,57,9,10,a,10,b,10,c,13,d,14,e,2,f,50,
5,a,183,49,0,81,1,4,4,22,5,3,6,13,7,2,8,25,9,2,a,14,b,1,c,4,d,2,e,6,f,4,
5,3,266,50,0,48,1,4,2,5,3,2,4,32,5,8,6,4,7,20,8,83,9,7,a,1,b,4,c,16,d,8,e,10,f,14,
5,4,301,51,0,120,1,22,2,22,3,16,4,9,5,6,6,11,7,10,8,19,9,10,a,10,b,6,c,26,d,4,e,5,f,5,
5,f,162,52,0,30,1,7,2,6,3,2,4,8,5,4,6,14,7,6,8,24,a,10,b,13,c,24,d,4,e,6,f,4,
5,1,454,53,0,95,1,51,2,31,3,4,4,133,5,10,6,8,7,18,8,50,a,2,b,2,c,31,d,2,e,9,f,8,
5,d,237,54,0,28,1,4,2,6,3,4,4,8,5,4,7,4,8,70,9,6,a,5,c,33,d,6,e,4,f,55,
5,7,185,55,0,70,2,6,3,2,4,34,5,4,6,2,7,4,8,20,9,4,a,9,b,6,c,12,d,2,e,3,f,7,
6,8,701,56,0,527,1,32,2,12,3,12,4,15,5,6,6,10,7,21,8,49,9,7,a,2,b,4,e,2,f,2,
6,e,124,57,0,68,1,2,2,2,4,16,7,2,8,24,a,4,b,2,c,4,
6,7,438,58,0,75,1,15,4,8,8,74,9,123,a,6,c,135,e,2,
6,a,144,59,0,71,1,11,2,8,3,5,4,12,5,1,6,2,7,6,8,22,9,2,c,3,d,1,
6,2,153,60,0,68,1,5,4,10,5,4,8,45,9,1,a,4,b,4,c,2,d,2,e,6,f,2,
6,6,238,61,0,81,1,1,2,2,4,5,6,4,7,2,8,29,9,36,a,42,b,24,c,8,e,4,
6,0,1464,62,0,1065,1,79,2,21,3,49,4,49,5,18,6,35,7,17,8,71,9,16,a,10,b,4,c,12,e,10,f,8,
6,c,333,63,0,198,1,12,2,7,3,8,4,9,5,15,6,10,7,19,8,39,c,4,d,6,e,6,
6,b,109,64,0,38,1,12,4,12,6,2,8,35,c,6,d,2,f,2,
6,4,493,65,0,237,1,18,2,28,3,8,4,28,5,5,6,10,7,4,8,41,9,15,b,2,c,38,d,57,f,2,
6,3,104,66,0,43,1,2,2,7,3,1,4,2,8,33,9,2,c,8,d,2,f,4,
6,f,235,67,0,139,1,3,2,10,3,6,4,18,5,4,6,4,7,6,8,29,b,2,c,8,e,2,f,4,
6,1,165,68,0,34,1,8,2,9,4,21,5,4,6,7,7,21,8,22,9,12,a,6,b,6,c,6,d,5,e,2,f,2,
6,9,114,69,0,54,4,2,5,6,8,44,b,2,c,6,
6,5,106,70,0,44,4,6,5,2,6,2,7,2,8,40,c,8,e,2,
6,d,80,71,0,34,1,4,4,5,5,2,7,2,8,22,c,7,d,2,f,2,
7,0,2776,72,0,1407,1,194,2,209,3,111,4,109,5,75,6,71,7,49,8,100,9,52,a,63,b,50,c,87,d,47,e,57,f,95,
7,9,214,73,0,28,1,14,2,2,3,5,4,5,5,12,6,11,7,28,8,22,9,19,a,6,b,14,c,17,d,4,e,12,f,15,
7,3,89,74,0,21,1,15,2,12,3,10,4,4,5,1,7,3,8,3,9,3,a,5,b,5,c,2,d,3,e,1,f,1,
7,4,218,75,0,99,1,12,2,17,3,6,4,10,5,4,6,16,7,2,8,7,9,5,a,9,b,5,c,9,d,4,e,2,f,11,
7,c,255,76,0,70,1,53,2,55,3,3,4,2,5,7,6,6,7,5,8,14,9,6,a,6,b,6,c,12,d,5,e,2,f,3,
7,8,619,77,0,285,1,21,2,31,3,22,4,40,5,18,6,19,7,24,8,58,9,25,a,16,b,14,c,14,d,7,e,7,f,18,
7,1,204,78,0,68,1,16,2,10,3,20,4,10,5,4,6,4,7,5,8,17,9,10,a,6,b,8,c,9,d,5,e,4,f,8,
7,d,77,79,0,10,1,4,2,6,3,4,4,4,5,21,6,1,7,3,8,5,9,4,a,2,b,4,c,6,e,2,f,1,
7,7,102,80,0,44,1,9,2,7,3,4,4,3,5,1,6,2,7,5,8,3,9,1,a,3,b,6,c,5,d,1,e,1,f,7,
7,6,86,81,0,37,1,1,2,2,3,1,5,2,6,2,7,2,8,9,9,4,a,3,b,3,c,9,d,3,e,3,f,5,
7,5,67,82,0,13,2,10,3,2,4,2,5,3,7,8,8,2,9,6,a,3,b,6,c,4,d,5,e,2,f,1,
7,2,106,83,0,37,1,6,2,6,3,10,4,2,5,6,6,2,7,2,8,5,9,8,a,5,b,12,d,2,e,1,f,2,
7,b,50,84,0,6,1,4,2,4,4,6,5,2,6,2,7,2,8,7,a,2,b,2,c,6,d,4,e,2,f,1,
7,a,74,85,0,6,1,2,3,2,4,2,5,1,6,3,7,22,8,6,9,4,a,2,b,2,f,22,
7,e,36,86,0,11,1,2,2,2,3,2,4,5,9,2,a,4,c,4,d,2,e,2,
7,f,28,87,0,9,1,2,2,2,4,2,5,1,8,2,a,2,b,2,c,4,d,2,
8,3,202,88,0,71,1,13,2,16,3,6,4,6,5,2,6,5,7,7,8,27,9,6,a,8,b,5,c,8,d,5,e,9,f,8,
8,0,2151,89,0,1539,1,150,2,113,3,34,4,37,5,61,6,57,7,16,8,23,9,19,a,33,b,7,c,25,d,11,e,6,f,20,
8,8,260,90,0,127,1,16,2,20,3,3,4,17,5,9,6,5,7,9,8,19,9,4,a,11,b,3,c,7,d,4,e,4,f,2,
8,c,188,91,0,62,1,27,2,13,3,2,4,4,5,6,6,11,7,6,8,8,9,9,a,11,b,3,c,10,d,4,e,9,f,3,
8,b,139,92,0,37,1,15,2,6,3,3,4,14,5,6,6,2,7,1,8,12,9,5,a,7,b,4,c,9,d,7,e,7,f,4,
8,9,149,93,0,54,1,8,2,20,3,13,4,9,5,6,7,2,8,6,9,11,a,3,b,5,c,2,d,1,e,4,f,5,
8,f,190,94,0,28,1,27,2,4,3,3,4,7,5,6,6,11,7,4,8,9,9,1,a,6,b,2,c,6,d,4,e,9,f,63,
8,1,355,95,0,102,1,34,2,17,3,26,4,9,5,32,6,19,7,18,8,26,9,16,a,6,b,7,c,23,d,7,e,6,f,7,
8,a,137,96,0,46,1,8,2,7,3,8,4,3,5,8,6,3,7,6,8,7,9,4,a,7,b,3,c,17,d,5,e,3,f,2,
8,d,94,97,0,23,1,4,2,5,3,4,4,6,5,6,6,5,7,5,8,3,9,8,a,2,b,1,c,2,d,8,e,10,f,2,
8,5,158,98,0,45,1,7,2,6,3,8,4,9,5,3,6,11,7,6,8,6,9,7,a,7,b,4,c,21,d,6,e,6,f,6,
8,7,160,99,0,38,1,9,2,12,3,9,4,11,5,12,6,4,7,11,8,14,9,8,a,5,b,12,c,2,d,5,e,6,f,2,
8,2,375,100,0,155,1,34,2,32,3,19,4,22,5,14,6,14,7,9,8,6,9,5,a,9,b,6,c,14,d,9,e,12,f,15,
8,4,206,101,0,118,1,8,2,17,3,7,4,1,5,7,6,4,7,10,8,8,9,3,a,9,b,2,c,5,d,1,e,5,f,1,
8,e,98,102,0,24,1,7,2,5,3,5,4,3,5,3,6,12,7,4,8,9,9,3,a,2,b,3,c,1,d,1,e,4,f,12,
8,6,139,103,0,41,1,10,2,12,3,10,4,15,5,11,6,2,7,3,8,7,9,3,a,6,b,5,c,1,d,4,e,7,f,2,
9,2,305,104,0,70,1,33,2,24,3,15,4,21,5,27,6,16,7,11,8,19,9,13,a,15,b,4,c,10,d,4,e,10,f,13,
9,0,2510,105,0,1595,1,198,2,109,3,101,4,78,5,50,6,56,7,48,8,63,9,29,a,35,b,21,c,37,d,36,e,19,f,35,
9,5,192,106,0,40,1,18,2,13,3,18,4,13,5,11,6,8,7,10,8,14,9,8,a,7,b,9,c,8,d,6,e,5,f,4,
9,8,190,107,0,74,1,9,2,15,3,7,4,16,5,13,6,10,7,4,8,10,9,6,a,3,b,5,c,5,d,8,e,2,f,3,
9,a,132,108,0,29,1,14,2,4,3,4,4,5,5,2,6,5,7,5,8,7,9,10,a,11,b,7,c,8,d,4,e,9,f,8,
9,f,154,109,0,37,1,12,2,3,3,3,4,3,5,4,6,5,7,2,8,11,9,4,a,8,b,7,c,5,d,9,e,5,f,36,
9,b,72,110,0,11,1,3,2,7,3,3,4,1,5,5,6,7,7,5,8,4,9,2,a,1,b,2,c,4,d,8,e,4,f,5,
9,1,377,111,0,121,1,46,2,33,3,18,4,31,5,17,6,15,7,18,8,17,9,13,a,5,b,7,c,16,d,6,e,9,f,5,
9,9,112,112,0,18,1,8,2,4,3,8,4,5,5,6,6,10,7,9,8,8,9,5,a,7,b,11,c,3,d,5,e,3,f,2,
9,c,153,113,0,37,1,15,2,12,3,6,4,8,5,9,6,6,7,8,8,10,9,9,a,1,b,3,c,10,d,7,e,7,f,5,
9,3,160,114,0,28,1,14,2,16,3,8,4,11,5,6,6,11,7,7,8,16,9,4,a,7,b,5,c,4,d,9,e,10,f,4,
9,7,117,115,0,17,1,16,2,5,3,18,4,3,5,1,6,3,7,3,8,13,9,4,a,5,b,5,c,7,d,10,e,5,f,2,
9,e,107,116,0,22,1,7,2,9,3,8,4,4,5,5,6,7,7,6,8,17,9,4,a,3,b,4,c,1,d,3,e,3,f,4,
9,4,173,117,0,56,1,20,2,20,3,2,4,14,5,16,7,5,8,10,9,7,a,5,b,7,c,4,d,5,f,2,
9,6,165,118,0,41,1,17,2,10,3,9,4,12,5,8,6,5,7,3,8,12,9,11,a,5,b,11,c,6,d,6,e,6,f,3,
9,d,82,119,0,13,1,4,2,4,3,4,4,3,5,3,6,6,7,4,8,6,9,5,a,4,b,4,c,7,d,4,e,7,f,4,
10,a,122,120,0,20,1,2,2,6,3,6,4,13,5,8,6,6,7,4,8,7,9,1,a,5,b,7,c,14,d,10,e,9,f,4,
10,0,2209,121,0,1351,1,176,2,127,3,64,4,62,5,71,6,64,7,50,8,44,9,24,a,36,b,26,c,36,d,23,e,23,f,32,
10,c,135,122,0,23,1,6,2,6,3,8,4,19,5,6,6,5,7,6,8,10,9,6,a,13,b,1,c,10,d,4,e,6,f,6,
10,1,434,123,0,71,1,24,2,31,3,29,4,37,5,21,6,27,7,27,8,36,9,21,a,17,b,26,c,25,d,16,e,17,f,9,
10,5,183,124,0,30,1,10,2,7,3,8,4,16,5,10,6,13,7,16,8,18,9,9,a,8,b,6,c,11,d,7,e,9,f,5,
10,b,112,125,0,19,1,10,2,10,3,4,4,7,5,3,6,8,7,8,8,10,9,2,a,8,b,1,c,6,d,7,e,6,f,3,
10,6,170,126,0,35,1,11,2,20,3,12,4,12,5,9,6,9,7,6,8,9,9,11,a,6,b,7,c,10,d,2,e,4,f,7,
10,2,288,127,0,60,1,23,2,19,3,14,4,26,5,13,6,15,7,8,8,16,9,11,a,16,b,10,c,19,d,10,e,20,f,8,
10,7,148,128,0,28,1,6,2,6,3,6,4,10,5,10,6,4,7,14,8,10,9,10,a,7,b,7,c,5,d,8,e,11,f,6,
10,4,228,129,0,48,1,14,2,13,3,14,4,20,5,13,6,13,7,13,8,15,9,8,a,8,b,11,c,6,d,16,e,2,f,14,
10,3,232,130,0,42,1,18,2,9,3,19,4,9,5,17,6,10,7,8,8,15,9,11,a,14,b,5,c,15,d,23,e,11,f,6,
10,d,130,131,0,16,1,12,2,7,3,8,4,18,5,5,6,5,7,5,8,8,9,6,a,5,b,7,c,11,d,4,e,10,f,3,
10,e,104,132,0,16,1,2,2,4,3,6,4,10,5,7,6,4,7,5,8,6,9,7,a,4,b,5,c,14,d,3,e,8,f,3,
10,f,135,133,0,21,1,7,2,2,3,4,4,9,5,5,6,5,7,4,8,8,9,3,a,11,b,6,c,8,d,4,e,14,f,24,
10,9,134,134,0,10,1,11,2,21,3,12,4,12,5,4,6,8,7,4,8,6,9,4,a,4,b,3,c,11,d,9,e,9,f,6,
10,8,237,135,0,64,1,25,2,23,3,14,4,6,5,10,6,7,7,11,8,14,9,10,a,7,b,6,c,19,d,5,e,7,f,9,
11,2,311,136,0,117,1,19,2,18,3,5,4,12,5,9,6,10,7,15,8,15,9,14,a,8,b,8,c,11,d,15,e,18,f,17,
11,0,1854,137,0,1512,1,23,2,22,3,20,4,18,5,17,6,21,7,24,8,16,9,25,a,18,b,24,c,24,d,40,e,26,f,24,
11,c,220,138,0,96,1,9,2,9,3,12,4,10,5,7,6,9,7,10,8,8,9,2,a,6,b,3,c,12,d,7,e,9,f,11,
11,1,357,139,0,154,1,10,2,14,3,11,4,13,5,11,6,10,7,11,8,12,9,11,a,12,b,19,c,15,d,22,e,16,f,16,
11,e,166,140,0,53,1,9,2,7,3,4,4,1,5,7,6,7,7,9,8,8,9,8,a,8,b,8,c,9,d,13,e,10,f,5,
11,f,145,141,0,43,1,8,2,10,3,3,4,6,5,11,6,5,7,3,8,2,9,10,a,6,b,4,c,8,d,10,e,4,f,12,
11,6,203,142,0,72,1,7,2,5,3,9,4,11,5,9,6,9,7,6,8,6,9,13,a,8,b,11,c,8,d,4,e,13,f,12,
11,5,212,143,0,74,1,6,2,9,3,10,4,9,5,13,6,12,7,5,8,9,9,15,a,6,b,9,c,8,d,5,e,11,f,11,
11,9,144,144,0,45,1,11,2,7,3,9,4,8,5,7,6,10,7,5,8,3,9,8,a,6,b,7,c,5,d,5,e,6,f,2,
11,3,228,145,0,84,1,9,2,8,3,10,4,9,5,8,6,8,7,11,8,3,9,8,a,8,b,6,c,8,d,17,e,16,f,15,
11,7,189,146,0,61,1,10,2,14,3,4,4,8,5,7,6,12,7,7,8,10,9,6,a,12,b,8,c,5,d,12,e,7,f,6,
11,d,151,147,0,47,1,11,2,5,3,6,4,9,5,10,6,6,7,12,8,3,9,9,a,5,b,6,c,3,d,3,e,8,f,8,
11,b,134,148,0,40,1,5,2,9,3,2,4,4,5,7,6,2,7,4,8,6,9,8,a,10,b,10,c,4,d,9,e,3,f,11,
11,a,169,149,0,42,1,12,2,11,3,5,4,13,5,9,6,7,7,7,8,8,9,9,a,8,b,4,c,13,d,6,e,6,f,9,
11,4,286,150,0,120,1,8,2,13,3,9,4,13,5,11,6,9,7,10,8,8,9,14,a,11,b,15,c,13,d,8,e,14,f,10,
11,8,232,151,0,95,1,16,2,9,3,8,4,8,5,6,6,7,7,16,8,12,9,10,a,10,b,6,c,9,d,7,e,6,f,7,
12,2,170,152,0,10,1,14,2,10,3,13,4,6,5,11,6,9,7,10,8,11,9,14,a,8,b,14,c,9,d,4,e,17,f,10,
12,0,2655,153,0,2516,1,6,2,12,3,11,4,11,5,10,6,9,7,6,8,8,9,9,a,11,b,8,c,12,d,6,e,11,f,9,
12,7,155,154,0,5,1,12,2,10,3,10,4,14,5,13,6,5,7,11,8,8,9,9,a,7,b,10,c,9,d,11,e,15,f,6,
12,c,155,155,0,5,1,9,2,7,3,8,4,6,5,7,6,13,7,18,8,9,9,8,a,9,b,14,c,14,d,11,e,6,f,11,
12,a,142,156,0,5,1,12,2,7,3,9,4,6,5,11,6,4,7,10,8,7,9,10,a,8,b,12,c,13,d,9,e,9,f,10,
12,8,129,157,0,9,1,6,2,2,3,9,4,9,5,12,6,14,7,9,8,2,9,6,a,6,b,10,c,14,d,6,e,6,f,9,
12,b,148,158,0,10,1,10,2,12,3,5,4,16,5,6,6,5,7,15,8,7,9,11,a,10,b,4,c,8,d,12,e,7,f,10,
12,9,170,159,0,13,1,10,2,12,3,10,4,6,5,10,6,9,7,13,8,12,9,10,a,14,b,7,c,11,d,11,e,12,f,10,
12,6,144,160,0,10,1,7,2,4,3,8,4,5,5,10,6,14,7,6,8,13,9,6,a,9,b,13,c,11,d,9,e,10,f,9,
12,1,173,161,0,12,1,14,2,15,3,4,4,11,5,7,6,13,7,12,8,7,9,10,a,5,b,19,c,11,d,9,e,12,f,12,
12,e,173,162,0,10,1,22,2,11,3,9,4,7,5,5,6,14,7,8,8,8,9,10,a,15,b,16,c,8,d,10,e,11,f,9,
12,f,176,163,0,7,1,11,2,11,3,11,4,7,5,6,6,14,7,16,8,10,9,11,a,8,b,12,c,13,d,16,e,12,f,11,
12,4,152,164,0,11,1,8,2,13,3,11,4,9,5,10,6,11,7,9,8,6,9,12,a,8,b,3,c,11,d,9,e,14,f,7,
12,5,149,165,0,11,1,7,2,4,3,10,4,10,5,8,6,6,7,10,8,11,9,7,a,13,b,7,c,13,d,14,e,10,f,8,
12,3,127,166,0,7,1,7,2,4,3,6,4,8,5,9,6,4,7,11,8,7,9,14,a,9,b,7,c,9,d,8,e,6,f,11,
12,d,183,167,0,8,1,9,2,13,3,8,4,5,5,15,6,13,7,13,8,11,9,12,a,15,b,12,c,17,d,12,e,10,f,10,
13,f,152,168,0,1,1,12,2,13,3,10,4,8,5,12,6,5,7,7,8,10,9,7,a,13,b,8,c,19,d,13,e,5,f,9,
13,0,2649,169,0,2516,1,10,2,7,3,8,4,9,5,8,6,10,7,7,8,7,9,9,a,12,b,7,c,5,d,10,e,10,f,14,
13,7,177,170,0,10,1,16,2,16,3,9,4,11,5,17,6,10,7,11,8,12,9,12,a,7,b,7,c,8,d,8,e,14,f,9,
13,e,168,171,0,7,1,12,2,13,3,15,4,9,5,5,6,12,7,15,8,8,9,12,a,8,b,16,c,12,d,5,e,10,f,9,
13,9,159,172,0,13,1,6,2,12,3,10,4,13,5,3,6,11,7,13,8,7,9,10,a,11,b,12,c,14,d,9,e,8,f,7,
13,2,147,173,0,10,1,8,2,7,3,10,4,10,5,9,6,9,7,9,8,11,9,11,a,12,b,13,c,7,d,9,e,3,f,9,
13,b,168,174,0,12,1,11,2,5,3,9,4,10,5,11,6,12,7,12,8,16,9,11,a,11,b,12,c,11,d,13,e,4,f,8,
13,3,142,175,0,11,1,5,2,9,3,9,4,10,5,8,6,12,7,6,8,13,9,6,a,9,b,7,c,7,d,9,e,12,f,9,
13,4,136,176,0,5,1,7,2,13,3,9,4,11,5,9,6,10,7,8,8,6,9,10,a,8,b,6,c,9,d,7,e,10,f,8,
13,1,164,177,0,7,1,14,2,7,3,15,4,13,5,5,6,9,7,8,8,8,9,11,a,19,b,10,c,9,d,9,e,13,f,7,
13,a,155,178,0,5,1,11,2,10,3,13,4,6,5,9,6,7,7,12,8,8,9,10,a,10,b,13,c,12,d,9,e,10,f,10,
13,8,137,179,0,9,1,3,2,9,3,11,4,8,5,9,6,10,7,10,8,6,9,8,a,9,b,7,c,12,d,8,e,10,f,8,
13,c,183,180,0,9,1,17,2,18,3,4,4,15,5,12,6,11,7,7,8,6,9,11,a,9,b,5,c,14,d,18,e,13,f,14,
13,5,150,181,0,10,1,8,2,5,3,11,4,8,5,9,6,14,7,11,8,7,9,9,a,11,b,9,c,10,d,6,e,15,f,7,
13,6,157,182,0,11,1,7,2,8,3,7,4,14,5,7,6,9,7,10,8,5,9,15,a,10,b,11,c,9,d,16,e,6,f,12,
13,d,157,183,0,7,1,11,2,11,3,4,4,6,5,12,6,12,7,11,8,7,9,13,a,11,b,7,c,10,d,9,e,11,f,15,
14,c,168,184,0,12,1,9,2,12,3,16,4,16,5,9,6,13,7,13,8,10,9,16,a,6,b,3,c,8,d,9,e,10,f,6,
14,0,2643,185,0,2512,1,11,2,14,3,8,4,7,5,8,6,6,7,10,8,6,9,9,a,8,b,9,c,9,d,7,e,9,f,10,
14,7,157,186,0,9,1,10,2,10,3,9,4,14,5,11,6,12,7,11,8,11,9,8,a,10,b,10,c,10,d,8,e,10,f,4,
14,1,158,187,0,7,1,9,2,13,3,11,4,9,5,12,6,6,7,10,8,15,9,13,a,7,b,10,c,8,d,4,e,11,f,13,
14,8,137,188,0,13,1,2,2,7,3,11,4,7,5,9,6,12,7,10,8,11,9,6,a,9,b,14,c,8,d,8,e,4,f,6,
14,a,170,189,0,12,1,12,2,10,3,4,4,17,5,6,6,12,7,6,8,18,9,9,a,12,b,10,c,7,d,13,e,13,f,9,
14,e,154,190,0,12,1,12,2,12,3,6,4,14,5,10,6,6,7,7,8,6,9,4,a,10,b,5,c,16,d,9,e,14,f,11,
14,4,161,191,0,5,1,9,2,11,3,7,4,14,5,9,6,16,7,8,8,12,9,11,a,11,b,11,c,14,d,8,e,12,f,3,
14,9,165,192,0,8,1,7,2,9,3,18,4,14,5,11,6,7,7,11,8,13,9,13,a,8,b,9,c,11,d,9,e,9,f,8,
14,b,150,193,0,9,1,14,2,9,3,15,4,11,5,11,6,10,7,8,8,5,9,10,a,11,b,7,c,9,d,10,e,7,f,4,
14,2,163,194,0,12,1,14,2,7,3,9,4,10,5,14,6,5,7,12,8,6,9,12,a,12,b,7,c,12,d,8,e,9,f,14,
14,3,154,195,0,12,1,4,2,10,3,11,4,10,5,10,6,12,7,16,8,8,9,7,a,9,b,7,c,8,d,8,e,8,f,14,
14,d,158,196,0,11,1,11,2,10,3,6,4,8,5,11,6,10,7,11,8,11,9,9,a,11,b,8,c,14,d,7,e,13,f,7,
14,6,163,197,0,10,1,14,2,8,3,15,4,11,5,9,6,6,7,9,8,9,9,12,a,6,b,7,c,12,d,16,e,11,f,8,
14,f,155,198,0,6,1,10,2,9,3,8,4,11,5,11,6,7,7,10,8,8,9,9,a,12,b,8,c,11,d,11,e,9,f,15,
14,5,145,199,0,6,1,13,2,9,3,10,4,8,5,6,6,11,7,7,8,6,9,12,a,9,b,9,c,14,d,8,e,6,f,11,
15,a,151,200,0,4,1,8,2,5,3,12,4,10,5,10,6,10,7,10,8,9,9,6,a,12,b,16,c,14,d,5,e,6,f,14,
15,0,2656,201,0,2516,1,14,2,10,3,7,4,8,5,12,6,6,7,10,8,11,9,8,a,8,b,7,c,10,d,7,e,10,f,12,
15,b,134,202,0,8,1,6,2,12,3,11,4,2,5,6,6,13,7,12,8,16,9,4,a,9,b,7,c,8,d,9,e,5,f,6,
15,9,160,203,0,13,1,13,2,11,3,13,4,12,5,15,6,8,7,10,8,7,9,8,a,4,b,13,c,10,d,9,e,10,f,4,
15,f,143,204,0,14,1,3,2,9,3,10,4,14,5,6,6,14,7,7,8,7,9,11,a,9,b,8,c,2,d,9,e,10,f,10,
15,8,155,205,0,12,1,12,2,13,3,7,4,9,5,15,6,9,7,7,8,5,9,10,a,10,b,9,c,11,d,13,e,3,f,10,
15,4,181,206,0,14,1,5,2,12,3,8,4,9,5,14,6,10,7,13,8,10,9,6,a,11,b,12,c,17,d,13,e,11,f,16,
15,5,157,207,0,12,1,11,2,9,3,13,4,7,5,16,6,11,7,8,8,11,9,9,a,11,b,5,c,12,d,9,e,10,f,3,
15,7,159,208,0,12,1,6,2,6,3,10,4,12,5,8,6,6,7,5,8,9,9,14,a,11,b,18,c,6,d,14,e,12,f,10,
15,2,160,209,0,7,1,14,2,14,3,8,4,13,5,9,6,12,7,12,8,8,9,12,a,14,b,13,c,8,d,2,e,5,f,9,
15,1,161,210,0,13,1,11,2,10,3,6,4,14,5,7,6,10,7,9,8,15,9,12,a,11,b,3,c,8,d,12,e,8,f,12,
15,3,164,211,0,11,1,10,2,4,3,13,4,10,5,6,6,9,7,12,8,8,9,14,a,5,b,13,c,16,d,13,e,13,f,7,
15,6,151,212,0,9,1,8,2,5,3,8,4,8,5,7,6,13,7,14,8,15,9,8,a,4,b,12,c,10,d,11,e,6,f,13,
15,e,155,213,0,10,1,6,2,10,3,12,4,14,5,14,6,10,7,9,8,8,9,13,a,9,b,10,c,6,d,8,e,11,f,5,
15,d,143,214,0,12,1,12,2,9,3,13,4,8,5,7,6,15,7,5,8,9,9,10,a,11,b,8,c,6,d,5,e,6,f,7,
15,c,171,215,0,10,1,6,2,14,3,9,4,10,5,10,6,11,7,7,8,12,9,17,a,13,b,12,c,6,d,12,e,11,f,11,
16,6,167,216,0,7,1,12,2,14,3,10,4,13,5,8,6,9,7,10,8,15,9,9,a,9,b,10,c,12,d,8,e,12,f,9,
16,0,2677,217,0,2513,1,6,2,8,3,13,4,14,5,9,6,13,7,13,8,5,9,11,a,6,b,7,c,16,d,16,e,13,f,14,
16,c,150,218,0,5,1,10,2,5,3,13,4,7,5,12,6,9,7,13,8,7,9,9,a,15,b,7,c,8,d,10,e,10,f,10,
16,e,137,219,0,13,1,8,2,6,3,11,4,8,5,5,6,10,7,15,8,9,9,6,a,5,b,8,c,11,d,8,e,7,f,7,
16,4,160,220,0,13,1,11,2,10,3,8,4,18,5,12,6,8,7,10,8,6,9,3,a,13,b,9,c,11,d,5,e,15,f,8,
16,f,149,221,0,8,1,11,2,8,3,10,4,11,5,8,6,7,7,8,8,7,9,9,a,11,b,9,c,16,d,9,e,6,f,11,
16,9,162,222,0,10,1,6,2,12,3,6,4,9,5,11,6,14,7,6,8,15,9,14,a,5,b,11,c,6,d,13,e,8,f,16,
16,b,166,223,0,16,1,6,2,11,3,7,4,10,5,14,6,12,7,5,8,10,9,12,a,15,b,10,c,12,d,6,e,9,f,11,
16,3,160,224,0,9,1,10,2,9,3,8,4,7,5,12,6,10,7,18,8,9,9,11,a,8,b,9,c,11,d,7,e,15,f,7,
16,a,152,225,0,13,1,10,2,10,3,13,4,7,5,6,6,8,7,9,8,10,9,14,a,8,b,9,c,10,d,11,e,5,f,9,
16,7,150,226,0,8,1,12,2,10,3,11,4,8,5,10,6,8,7,4,8,11,9,7,a,10,b,10,c,6,d,10,e,15,f,10,
16,2,153,227,0,7,1,14,2,14,3,8,4,11,5,11,6,7,7,13,8,9,9,9,a,7,b,5,c,14,d,8,e,8,f,8,
16,d,151,228,0,7,1,13,2,4,3,15,4,10,5,13,6,7,7,11,8,4,9,8,a,11,b,7,c,7,d,11,e,12,f,11,
16,1,145,229,0,11,1,12,2,5,3,11,4,8,5,13,6,9,7,10,8,9,9,9,a,11,b,4,c,9,d,6,e,8,f,10,
16,8,160,230,0,7,1,11,2,7,3,8,4,11,5,8,6,8,7,13,8,5,9,13,a,9,b,6,c,16,d,11,e,15,f,12,
16,5,162,231,0,10,1,10,2,8,3,6,4,12,5,14,6,17,7,16,8,6,9,7,a,11,b,9,c,3,d,11,e,13,f,9,
17,e,171,232,0,9,1,12,2,10,3,10,4,7,5,8,6,8,7,15,8,12,9,12,a,8,b,7,c,12,d,15,e,19,f,7,
17,0,2657,233,0,2514,1,9,2,7,3,15,4,6,5,8,6,8,7,10,8,7,9,13,a,7,b,9,c,11,d,9,e,11,f,13,
17,7,174,234,0,13,1,11,2,8,3,13,4,16,5,8,6,7,7,15,8,11,9,10,a,12,b,13,c,10,d,10,e,8,f,9,
17,8,137,235,0,10,1,6,2,6,3,7,4,9,5,8,6,7,7,11,8,12,9,2,a,7,b,8,c,7,d,17,e,8,f,12,
17,f,162,236,0,10,1,12,2,11,3,12,4,12,5,17,6,11,7,8,8,9,9,8,a,9,b,12,c,10,d,6,e,10,f,5,
17,c,168,237,0,15,1,7,2,8,3,6,4,10,5,9,6,9,7,17,8,9,9,9,a,13,b,10,c,14,d,12,e,8,f,12,
17,b,130,238,0,6,1,10,2,9,3,9,4,7,5,10,6,8,7,8,8,7,9,9,a,7,b,6,c,4,d,14,e,11,f,5,
17,4,164,239,0,13,1,12,2,10,3,5,4,10,5,10,6,11,7,14,8,11,9,11,a,10,b,8,c,10,d,8,e,8,f,13,
17,a,154,240,0,4,1,11,2,6,3,8,4,16,5,11,6,10,7,9,8,7,9,13,a,6,b,14,c,9,d,12,e,9,f,9,
17,1,162,241,0,5,1,5,2,11,3,13,4,9,5,14,6,8,7,12,8,5,9,11,a,14,b,8,c,13,d,6,e,17,f,11,
17,5,166,242,0,13,1,9,2,8,3,9,4,8,5,11,6,12,7,9,8,6,9,9,a,12,b,8,c,4,d,12,e,21,f,15,
17,6,156,243,0,10,1,11,2,8,3,14,4,7,5,8,6,12,7,7,8,6,9,12,a,15,b,13,c,10,d,7,e,7,f,9,
17,9,151,244,0,8,1,15,2,8,3,10,4,11,5,10,6,9,7,8,8,8,9,13,a,1,b,12,c,9,d,14,e,4,f,11,
17,2,141,245,0,8,1,15,2,4,3,12,4,10,5,17,6,4,7,6,8,10,9,11,a,6,b,10,c,4,d,10,e,7,f,7,
17,d,150,246,0,16,1,4,2,5,3,7,4,9,5,12,6,7,7,10,8,8,9,14,a,8,b,4,c,10,d,16,e,10,f,10,
17,3,158,247,0,4,1,19,2,9,3,10,4,10,5,8,6,6,7,13,8,8,9,14,a,7,b,7,c,7,d,13,e,12,f,11,
18,0,2658,248,0,2513,1,9,2,15,3,9,4,4,5,12,6,8,7,5,8,14,9,10,a,13,b,8,c,14,d,6,e,8,f,10,
18,6,137,249,0,10,1,11,2,13,3,9,4,5,5,8,6,4,7,12,8,7,9,5,a,9,b,10,c,10,d,8,e,10,f,6,
18,3,160,250,0,10,1,18,2,9,3,11,4,12,5,7,6,11,7,10,8,8,9,9,a,13,b,6,c,8,d,11,e,8,f,9,
18,e,170,251,0,11,1,8,2,7,3,12,4,10,5,10,6,10,7,8,8,14,9,9,a,15,b,13,c,11,d,10,e,10,f,12,
18,f,159,252,0,10,1,10,2,8,3,8,4,8,5,11,6,11,7,13,8,11,9,4,a,13,b,10,c,7,d,8,e,12,f,15,
18,b,149,253,0,8,1,9,2,6,3,7,4,11,5,8,6,8,7,10,8,13,9,14,a,6,b,13,c,7,d,10,e,12,f,7,
18,1,168,254,0,11,1,9,2,12,3,14,4,14,5,8,6,6,7,15,8,10,9,12,a,8,b,9,c,8,d,9,e,10,f,13,
18,a,142,255,0,11,1,6,2,10,3,5,4,8,5,7,6,12,7,14,8,4,9,9,a,8,b,8,c,9,d,10,e,11,f,10,
18,9,171,256,0,6,1,10,2,9,3,9,4,16,5,13,6,8,7,10,8,8,9,13,a,18,b,6,c,9,d,13,e,12,f,11,
18,8,136,257,0,10,1,10,2,9,3,12,4,7,5,6,6,8,7,10,8,8,9,13,a,8,b,12,c,6,d,6,e,8,f,3,
18,2,128,258,0,5,1,10,2,8,3,10,4,12,5,7,6,8,7,10,8,6,9,2,a,6,b,9,c,5,d,7,e,12,f,11,
18,c,144,259,0,8,1,16,2,5,3,9,4,9,5,14,6,8,7,11,8,7,9,6,a,6,b,7,c,8,d,8,e,9,f,13,
18,d,181,260,0,16,1,10,2,10,3,11,4,13,5,9,6,12,7,9,8,15,9,4,a,6,b,15,c,15,d,14,e,10,f,12,
18,5,169,261,0,25,1,8,2,11,3,15,4,10,5,9,6,11,7,8,8,6,9,10,a,10,b,10,c,6,d,10,e,12,f,8,
18,7,172,262,0,7,1,10,2,9,3,10,4,11,5,14,6,16,7,9,8,8,9,15,a,5,b,11,c,13,d,13,e,7,f,14,
18,4,157,263,0,8,1,10,2,11,3,14,4,11,5,11,6,12,7,10,8,5,9,4,a,10,b,11,c,15,d,10,e,9,f,6,
19,a,154,264,0,11,1,5,2,8,3,9,4,12,5,12,6,9,7,10,8,7,9,6,a,13,b,13,c,9,d,6,e,10,f,14,
19,0,2669,265,0,2515,1,9,2,19,3,9,4,15,5,10,6,16,7,6,8,9,9,11,a,9,b,10,c,8,d,9,e,6,f,8,
19,c,151,266,0,10,1,5,2,9,3,10,4,8,5,10,6,12,7,4,8,10,9,8,a,10,b,14,c,8,d,7,e,10,f,16,
19,1,164,267,0,13,1,3,2,6,3,9,4,7,5,7,6,10,7,11,8,6,9,14,a,12,b,13,c,12,d,15,e,12,f,14,
19,2,152,268,0,8,1,8,2,9,3,13,4,17,5,11,6,8,7,11,8,9,9,11,a,8,b,11,c,7,d,1,e,9,f,11,
19,7,164,269,0,13,1,9,2,13,3,10,4,13,5,10,6,8,7,9,8,12,9,8,a,7,b,10,c,15,d,8,e,9,f,10,
19,d,153,270,0,5,1,13,2,12,3,6,4,13,5,15,6,8,7,9,8,8,9,10,a,7,b,9,c,4,d,10,e,15,f,9,
19,8,144,271,0,7,1,11,2,8,3,11,4,5,5,16,6,1,7,6,8,9,9,11,a,8,b,8,c,12,d,8,e,10,f,13,
19,3,165,272,0,11,1,8,2,9,3,4,4,10,5,10,6,13,7,13,8,6,9,14,a,14,b,11,c,13,d,6,e,12,f,11,
19,6,153,273,0,9,1,8,2,9,3,5,4,8,5,9,6,9,7,9,8,9,9,12,a,5,b,12,c,13,d,15,e,13,f,8,
19,4,161,274,0,11,1,14,2,11,3,12,4,8,5,13,6,10,7,12,8,5,9,7,a,11,b,13,c,7,d,7,e,9,f,11,
19,b,158,275,0,12,1,8,2,10,3,16,4,4,5,9,6,7,7,8,8,8,9,11,a,10,b,10,c,9,d,7,e,16,f,13,
19,e,160,276,0,4,1,8,2,12,3,10,4,8,5,10,6,15,7,9,8,10,9,13,a,10,b,9,c,11,d,13,e,4,f,14,
19,f,160,277,0,14,1,10,2,8,3,5,4,12,5,8,6,12,7,14,8,9,9,10,a,7,b,15,c,11,d,9,e,8,f,8,
19,9,139,278,0,10,1,6,2,14,3,9,4,8,5,9,6,6,7,12,8,10,9,6,a,2,b,5,c,10,d,8,e,9,f,15,
19,5,154,279,0,7,1,8,2,8,3,8,4,9,5,10,6,10,7,10,8,7,9,9,a,14,b,8,c,10,d,15,e,10,f,11,
20,b,171,280,0,10,1,8,2,9,3,18,4,9,5,12,6,4,7,12,8,14,9,9,a,13,b,6,c,9,d,14,e,12,f,12,
20,0,2660,281,0,2512,1,8,2,17,3,11,4,12,5,10,6,6,7,9,8,3,9,15,a,8,b,8,c,7,d,15,e,13,f,6,
20,2,165,282,0,7,1,12,2,6,3,8,4,17,5,13,6,10,7,10,8,13,9,12,a,5,b,11,c,13,d,10,e,8,f,10,
20,1,133,283,0,6,1,10,2,7,3,6,4,7,5,3,6,9,7,13,8,14,9,9,a,7,b,4,c,13,d,8,e,4,f,13,
20,3,146,284,0,4,1,7,2,10,3,4,4,11,5,10,6,9,7,11,8,11,9,9,a,14,b,6,c,9,d,18,e,3,f,10,
20,9,161,285,0,9,1,6,2,8,3,9,4,10,5,17,6,7,7,15,8,10,9,13,a,12,b,9,c,5,d,12,e,11,f,8,
20,c,159,286,0,11,1,8,2,15,3,6,4,7,5,11,6,3,7,13,8,13,9,6,a,10,b,14,c,10,d,15,e,11,f,6,
20,6,154,287,0,8,1,4,2,9,3,8,4,13,5,10,6,12,7,9,8,7,9,4,a,5,b,17,c,9,d,11,e,14,f,14,
20,4,157,288,0,9,1,7,2,9,3,13,4,8,5,10,6,9,7,7,8,12,9,10,a,14,b,10,c,6,d,8,e,11,f,14,
20,f,186,289,0,15,1,12,2,14,3,12,4,12,5,9,6,18,7,8,8,12,9,11,a,6,b,11,c,14,d,5,e,7,f,20,
20,d,144,290,0,10,1,8,2,10,3,6,4,11,5,9,6,5,7,10,8,14,9,11,a,14,b,2,c,15,d,7,e,8,f,4,
20,7,153,291,0,8,1,9,2,8,3,8,4,6,5,14,6,9,7,16,8,4,9,9,a,6,b,11,c,11,d,9,e,14,f,11,
20,5,169,292,0,12,1,9,2,11,3,17,4,11,5,7,6,14,7,9,8,9,9,6,a,15,b,13,c,13,d,8,e,6,f,9,
20,e,162,293,0,11,1,8,2,12,3,11,4,10,5,11,6,8,7,10,8,10,9,3,a,11,b,15,c,11,d,12,e,6,f,13,
20,8,134,294,0,7,1,7,2,5,3,6,4,9,5,10,6,7,7,11,8,12,9,10,a,8,b,10,c,10,d,7,e,3,f,12,
20,a,147,295,0,13,1,11,2,3,3,11,4,11,5,9,6,8,7,8,8,8,9,5,a,13,b,7,c,11,d,12,e,4,f,13,
21,0,2652,296,0,2513,1,13,2,10,3,12,4,9,5,8,6,8,7,9,8,8,9,7,a,9,b,10,c,7,d,6,e,12,f,11,
21,7,171,297,0,11,1,13,2,16,3,11,4,11,5,14,6,7,7,8,8,8,9,9,a,5,b,16,c,12,d,11,e,11,f,8,
21,5,165,298,0,5,1,9,2,7,3,6,4,9,5,16,6,15,7,8,8,13,9,9,a,13,b,7,c,14,d,11,e,11,f,12,
21,3,154,299,0,10,1,11,2,9,3,9,4,14,5,9,6,6,7,9,8,8,9,5,a,8,b,12,c,9,d,14,e,7,f,14,
21,d,171,300,0,15,1,6,2,10,3,11,4,7,5,8,6,12,7,9,8,12,9,8,a,13,b,15,c,10,d,15,e,9,f,11,
21,6,138,301,0,10,1,11,2,4,3,9,4,8,5,7,6,5,7,11,8,8,9,13,a,10,b,6,c,8,d,11,e,10,f,7,
21,2,153,302,0,15,1,13,2,8,3,15,4,8,5,9,6,3,7,9,8,11,9,9,a,9,b,10,c,8,d,7,e,11,f,8,
21,c,166,303,0,14,1,14,2,11,3,12,4,10,5,6,6,7,7,14,8,8,9,6,a,13,b,11,c,14,d,8,e,10,f,8,
21,f,175,304,0,6,1,7,2,10,3,12,4,10,5,9,6,12,7,7,8,13,9,11,a,12,b,11,c,16,d,16,e,11,f,12,
21,b,154,305,0,8,1,10,2,13,3,10,4,9,5,15,6,9,7,12,8,6,9,6,a,7,b,16,c,8,d,11,e,5,f,9,
21,1,134,306,0,10,1,9,2,3,3,7,4,8,5,5,6,6,7,7,8,6,9,12,a,13,b,6,c,7,d,16,e,13,f,6,
21,9,142,307,0,10,1,10,2,6,3,7,4,13,5,7,6,5,7,8,8,7,9,10,a,7,b,7,c,4,d,9,e,16,f,16,
21,e,135,308,0,11,1,12,2,8,3,8,4,9,5,12,6,9,7,9,8,5,9,8,a,4,b,10,c,5,d,10,e,8,f,7,
21,8,166,309,0,7,1,10,2,9,3,8,4,13,5,7,6,11,7,14,8,5,9,15,a,12,b,17,c,10,d,8,e,10,f,10,
21,4,164,310,0,17,1,11,2,9,3,6,4,11,5,9,6,15,7,14,8,9,9,7,a,12,b,9,c,11,d,10,e,6,f,8,
21,a,161,311,0,10,1,9,2,14,3,9,4,10,5,9,6,13,7,10,8,16,9,10,a,8,b,12,c,6,d,8,e,5,f,12,
22,d,171,312,0,15,1,12,2,14,3,11,4,14,5,8,6,8,7,10,8,11,9,10,a,8,b,9,c,13,d,14,e,3,f,11,
22,0,2672,313,0,2515,1,9,2,13,3,8,4,12,5,14,6,19,7,9,8,7,9,10,a,5,b,12,c,13,d,9,e,7,f,10,
22,5,150,314,0,8,1,9,2,12,3,5,4,8,5,7,6,9,7,12,8,9,9,5,a,12,b,8,c,6,d,14,e,15,f,11,
22,8,143,315,0,5,1,8,2,8,3,11,4,13,5,17,6,6,7,4,8,9,9,10,a,12,b,9,c,9,d,8,e,5,f,9,
22,7,158,316,0,10,1,9,2,9,3,6,4,14,5,10,6,17,7,9,8,7,9,14,a,5,b,9,c,4,d,11,e,13,f,11,
22,f,159,317,0,10,1,12,2,4,3,6,4,10,5,17,6,12,7,8,8,8,9,13,a,7,b,10,c,7,d,12,e,11,f,12,
22,4,159,318,0,9,1,12,2,9,3,11,4,8,5,8,6,11,7,12,8,16,9,6,a,7,b,11,c,10,d,4,e,9,f,16,
22,9,145,319,0,7,1,9,2,11,3,7,4,12,5,11,6,9,7,7,8,5,9,12,a,12,b,8,c,8,d,10,e,7,f,10,
22,a,155,320,0,11,1,11,2,6,3,10,4,10,5,14,6,16,7,2,8,2,9,9,a,5,b,9,c,9,d,15,e,15,f,11,
22,3,152,321,0,11,1,8,2,16,3,5,4,9,5,7,6,7,7,13,8,11,9,12,a,16,b,7,c,6,d,6,e,9,f,9,
22,b,175,322,0,7,1,11,2,9,3,12,4,12,5,13,6,9,7,14,8,13,9,5,a,10,b,9,c,12,d,10,e,16,f,13,
22,e,155,323,0,13,1,8,2,6,3,8,4,13,5,14,6,8,7,13,8,8,9,9,a,11,b,8,c,12,d,6,e,9,f,9,
22,1,168,324,0,8,1,19,2,9,3,6,4,8,5,15,6,7,7,5,8,15,9,13,a,10,b,9,c,13,d,11,e,11,f,9,
22,c,149,325,0,8,1,15,2,13,3,7,4,8,5,9,6,11,7,7,8,8,9,8,a,7,b,15,c,6,d,13,e,3,f,11,
22,6,143,326,0,5,1,6,2,11,3,6,4,11,5,8,6,10,7,7,8,7,9,11,a,9,b,11,c,14,d,10,e,10,f,7,
22,2,147,327,0,4,1,10,2,9,3,12,4,12,5,8,6,9,7,11,8,6,9,10,a,7,b,7,c,13,d,9,e,16,f,4,
23,2,159,328,0,7,1,10,2,10,3,6,4,12,5,13,6,9,7,9,8,13,9,12,a,4,b,9,c,13,d,12,e,13,f,7,
23,0,2646,329,0,2511,1,15,2,10,3,9,4,8,5,4,6,7,7,9,8,5,9,12,a,8,b,7,c,9,d,12,e,12,f,8,
23,4,174,330,0,9,1,15,2,12,3,8,4,12,5,7,6,16,7,12,8,13,9,7,a,9,b,13,c,11,d,7,e,16,f,7,
23,a,143,331,0,7,1,7,2,7,3,8,4,6,5,8,6,2,7,11,8,11,9,9,a,13,b,8,c,6,d,13,e,16,f,11,
23,1,168,332,0,14,1,9,2,8,3,7,4,15,5,7,6,12,7,11,8,15,9,9,a,8,b,14,c,10,d,10,e,11,f,8,
23,8,142,333,0,20,1,9,2,4,3,8,4,11,5,5,6,10,7,5,8,12,9,8,a,11,b,10,c,4,d,8,e,13,f,4,
23,6,168,334,0,7,1,10,2,13,3,9,4,15,5,9,6,11,7,5,8,17,9,13,a,9,b,7,c,14,d,8,e,10,f,11,
23,c,155,335,0,8,1,6,2,12,3,8,4,5,5,15,6,11,7,11,8,3,9,12,a,12,b,6,c,12,d,12,e,11,f,11,
23,5,180,336,0,7,1,7,2,10,3,11,4,9,5,15,6,14,7,15,8,14,9,13,a,11,b,12,c,11,d,10,e,9,f,12,
23,f,163,337,0,7,1,8,2,13,3,5,4,11,5,18,6,8,7,10,8,11,9,9,a,8,b,12,c,6,d,13,e,7,f,17,
23,d,162,338,0,14,1,9,2,10,3,13,4,10,5,5,6,8,7,6,8,11,9,10,a,9,b,9,c,9,d,12,e,15,f,12,
23,3,131,339,0,9,1,10,2,7,3,10,4,7,5,9,6,13,7,6,8,9,9,11,a,8,b,7,c,5,d,4,e,6,f,10,
23,9,157,340,0,5,1,9,2,6,3,9,4,13,5,15,6,8,7,14,8,10,9,12,a,12,b,13,c,7,d,9,e,8,f,7,
23,7,143,341,0,10,1,10,2,10,3,10,4,13,5,7,6,9,7,5,8,9,9,9,a,9,b,11,c,8,d,13,e,6,f,4,
23,e,159,342,0,18,1,10,2,13,3,8,4,9,5,9,6,6,7,9,8,5,9,8,a,6,b,16,c,14,d,8,e,12,f,8,
23,b,151,343,0,6,1,11,2,8,3,6,4,11,5,5,6,11,7,9,8,7,9,12,a,12,b,10,c,11,d,13,e,15,f,4,
24,5,151,344,0,8,1,8,2,16,3,6,4,11,5,7,6,14,7,8,8,5,9,18,a,5,b,12,c,12,d,6,e,9,f,6,
24,0,2659,345,0,2513,1,10,2,11,3,5,4,16,5,8,6,9,7,6,8,13,9,10,a,7,b,12,c,8,d,8,e,14,f,9,
24,b,164,346,0,13,1,12,2,4,3,9,4,17,5,13,6,14,7,6,8,13,9,8,a,8,b,9,c,8,d,12,e,10,f,8,
24,7,147,347,0,5,1,10,2,11,3,9,4,8,5,12,6,9,7,9,8,7,9,15,a,4,b,8,c,12,d,10,e,9,f,9,
24,3,135,348,0,9,1,10,2,7,3,8,4,12,5,6,6,9,7,11,8,4,9,6,a,6,b,12,c,10,d,6,e,11,f,8,
24,e,180,349,0,9,1,10,2,14,3,15,4,12,5,12,6,11,7,8,8,9,9,10,a,15,b,16,c,9,d,7,e,8,f,15,
24,2,153,350,0,5,1,7,2,9,3,10,4,12,5,5,6,9,7,10,8,10,9,11,a,12,b,12,c,12,d,8,e,11,f,10,
24,8,165,351,0,11,1,11,2,13,3,8,4,7,5,10,6,13,7,10,8,8,9,13,a,12,b,12,c,5,d,10,e,10,f,12,
24,a,149,352,0,9,1,7,2,9,3,7,4,15,5,8,6,12,7,10,8,9,9,6,a,7,b,8,c,4,d,18,e,14,f,6,
24,4,167,353,0,13,1,12,2,8,3,8,4,10,5,8,6,8,7,17,8,11,9,14,a,11,b,7,c,18,d,10,e,5,f,7,
24,6,155,354,0,12,1,8,2,10,3,15,4,10,5,10,6,11,7,11,8,10,9,11,a,11,b,5,c,10,d,7,e,10,f,4,
24,c,150,355,0,4,1,9,2,9,3,12,4,17,5,8,6,6,7,8,8,9,9,8,a,13,b,6,c,8,d,8,e,14,f,11,
24,1,155,356,0,11,1,14,2,6,3,6,4,5,5,7,6,10,7,11,8,15,9,12,a,9,b,14,c,8,d,11,e,8,f,8,
24,f,141,357,0,11,1,9,2,13,3,6,4,7,5,7,6,10,7,12,8,6,9,7,a,17,b,7,c,8,d,4,e,11,f,6,
24,d,164,358,0,11,1,19,2,9,3,9,4,10,5,9,6,7,7,11,8,10,9,7,a,12,b,7,c,10,d,9,e,5,f,19,
24,9,166,359,0,13,1,19,2,12,3,14,4,5,5,6,6,7,7,6,8,4,9,13,a,14,b,12,c,12,d,8,e,9,f,12,
25,6,159,360,0,6,1,6,2,10,3,14,4,16,5,10,6,14,7,15,8,5,9,7,a,10,b,10,c,6,d,11,e,10,f,9,
25,0,2657,361,0,2510,1,10,2,13,3,7,4,6,5,10,6,8,7,9,8,6,9,9,a,12,b,9,c,16,d,9,e,9,f,14,
25,f,150,362,0,12,1,13,2,13,3,7,4,11,5,10,6,7,7,8,8,15,9,5,a,12,b,6,c,5,d,6,e,8,f,12,
25,8,143,363,0,6,1,11,2,11,3,8,4,7,5,5,6,8,7,6,8,9,9,7,a,7,b,14,c,10,d,9,e,10,f,15,
25,2,161,364,0,14,1,11,2,11,3,9,4,5,5,7,6,11,7,9,8,6,9,11,a,13,b,8,c,5,d,14,e,13,f,14,
25,4,174,365,0,6,1,15,2,12,3,9,4,14,5,9,6,6,7,11,8,13,9,6,a,7,b,11,c,11,d,11,e,20,f,13,
25,3,147,366,0,5,1,9,2,14,3,12,4,9,5,7,6,7,7,10,8,10,9,8,a,8,b,7,c,15,d,10,e,7,f,9,
25,e,158,367,0,11,1,8,2,13,3,8,4,10,5,7,6,15,7,8,8,10,9,5,a,8,b,8,c,10,d,12,e,11,f,14,
25,c,154,368,0,7,1,8,2,12,3,6,4,11,5,9,6,7,7,12,8,8,9,6,a,10,b,8,c,14,d,9,e,14,f,13,
25,7,154,369,0,5,1,10,2,13,3,11,4,6,5,11,6,6,7,9,8,11,9,11,a,13,b,13,c,6,d,13,e,4,f,12,
25,9,169,370,0,9,1,14,2,15,3,13,4,10,5,6,6,17,7,7,8,6,9,8,a,10,b,14,c,12,d,11,e,10,f,7,
25,1,175,371,0,5,1,11,2,11,3,8,4,15,5,14,6,14,7,11,8,12,9,12,a,9,b,12,c,10,d,6,e,11,f,14,
25,b,159,372,0,6,1,16,2,15,3,8,4,2,5,9,6,6,7,14,8,12,9,10,a,10,b,10,c,10,d,6,e,14,f,11,
25,5,136,373,0,6,1,11,2,12,3,5,4,10,5,7,6,13,7,7,8,11,9,12,a,7,b,9,c,9,d,6,e,6,f,5,
25,a,163,374,0,14,1,9,2,12,3,12,4,10,5,7,6,14,7,10,8,8,9,9,a,15,b,9,c,12,d,6,e,9,f,7,
25,d,142,375,0,8,1,12,2,3,3,13,4,7,5,10,6,10,7,9,8,9,9,10,a,5,b,12,c,13,d,8,e,7,f,6,
26,7,155,376,0,13,1,8,2,12,3,8,4,5,5,9,6,10,7,11,8,6,9,18,a,10,b,7,c,6,d,9,e,9,f,14,
26,0,2630,377,0,2515,1,8,2,7,3,14,4,7,5,8,6,10,7,5,8,10,9,7,a,6,b,8,c,4,d,3,e,9,f,9,
26,5,138,378,0,7,1,14,2,5,3,8,4,8,5,6,6,8,7,10,8,10,9,4,a,12,b,9,c,9,d,16,e,6,f,6,
26,8,151,379,0,9,1,8,2,10,3,14,4,7,5,8,6,12,7,15,8,7,9,9,a,8,b,13,c,6,d,10,e,10,f,5,
26,2,190,380,0,7,1,11,2,8,3,14,4,14,5,13,6,12,7,12,8,15,9,12,a,12,b,18,c,6,d,8,e,14,f,14,
26,f,175,381,0,14,1,9,2,11,3,13,4,10,5,14,6,10,7,8,8,10,9,13,a,9,b,15,c,7,d,9,e,10,f,13,
26,1,174,382,0,9,1,5,2,9,3,8,4,13,5,15,6,10,7,14,8,14,9,11,a,11,b,11,c,15,d,12,e,8,f,9,
26,b,160,383,0,9,1,10,2,8,3,12,4,9,5,6,6,12,7,13,8,5,9,11,a,15,b,13,c,8,d,12,e,7,f,10,
26,c,164,384,0,10,1,12,2,10,3,13,4,10,5,15,6,7,7,9,8,11,9,7,a,10,b,8,c,8,d,14,e,12,f,8,
26,a,156,385,0,7,1,9,2,8,3,5,4,9,5,8,6,12,7,13,8,9,9,14,a,9,b,5,c,14,d,13,e,10,f,11,
26,d,147,386,0,6,1,7,2,9,3,11,4,12,5,10,6,11,7,10,8,14,9,10,a,8,b,8,c,9,d,8,e,6,f,8,
26,3,150,387,0,9,1,3,2,12,3,9,4,11,5,6,6,13,7,7,8,9,9,8,a,10,b,11,c,10,d,15,e,7,f,10,
26,6,163,388,0,15,1,12,2,3,3,9,4,9,5,9,6,11,7,5,8,8,9,9,a,11,b,17,c,9,d,8,e,18,f,10,
26,4,149,389,0,14,1,14,2,6,3,10,4,12,5,7,6,6,7,10,8,9,9,14,a,5,b,3,c,10,d,11,e,9,f,9,
26,e,163,390,0,7,1,10,2,9,3,11,4,7,5,13,6,7,7,13,8,8,9,12,a,11,b,7,c,15,d,5,e,13,f,15,
26,9,136,391,0,15,1,9,2,5,3,13,4,8,5,7,6,6,7,3,8,7,9,12,a,11,b,11,c,7,d,9,e,6,f,7,
27,7,158,392,0,11,1,8,2,14,3,8,4,11,5,7,6,11,7,9,8,15,9,6,a,10,b,9,c,14,d,9,e,7,f,9,
27,0,2666,393,0,2518,1,10,2,8,3,14,4,15,5,11,6,10,7,3,8,11,9,8,a,12,b,7,c,10,d,10,e,11,f,8,
27,5,154,394,0,11,1,11,2,8,3,8,4,5,5,12,6,8,7,7,8,5,9,10,a,7,b,8,c,13,d,12,e,18,f,11,
27,2,132,395,0,11,1,11,2,5,3,7,4,7,5,10,6,8,7,2,8,7,9,14,a,9,b,10,c,4,d,10,e,8,f,9,
27,b,164,396,0,10,1,12,2,13,3,12,4,9,5,9,6,8,7,13,8,17,9,7,a,12,b,9,c,10,d,4,e,11,f,8,
27,d,162,397,0,7,1,13,2,11,3,13,4,9,5,16,6,5,7,22,8,8,9,6,a,7,b,5,c,12,d,14,e,5,f,9,
27,9,171,398,0,9,1,13,2,8,3,8,4,6,5,15,6,9,7,16,8,9,9,15,a,8,b,14,c,10,d,9,e,11,f,11,
27,f,158,399,0,6,1,14,2,8,3,6,4,17,5,4,6,13,7,9,8,12,9,10,a,8,b,18,c,14,d,4,e,5,f,10,
27,3,172,400,0,10,1,13,2,11,3,14,4,10,5,11,6,12,7,10,8,13,9,13,a,5,b,10,c,5,d,13,e,11,f,11,
27,1,149,401,0,13,1,6,2,9,3,11,4,7,5,5,6,10,7,9,8,9,9,8,a,14,b,10,c,8,d,7,e,12,f,11,
27,6,157,402,0,6,1,11,2,13,3,11,4,7,5,11,6,9,7,9,8,5,9,12,a,10,b,9,c,8,d,18,e,5,f,13,
27,4,151,403,0,14,1,11,2,11,3,8,4,11,5,16,6,4,7,8,8,9,9,8,a,5,b,12,c,3,d,8,e,11,f,12,
27,e,154,404,0,8,1,20,2,7,3,6,4,13,5,11,6,10,7,6,8,15,9,5,a,9,b,9,c,8,d,11,e,9,f,7,
27,c,143,405,0,9,1,7,2,9,3,11,4,9,5,3,6,12,7,10,8,15,9,7,a,10,b,11,c,9,d,8,e,8,f,5,
27,a,158,406,0,6,1,13,2,12,3,2,4,9,5,11,6,8,7,16,8,7,9,13,a,13,b,8,c,6,d,10,e,11,f,13,
27,8,152,407,0,13,1,5,2,10,3,12,4,14,5,10,6,10,7,9,8,6,9,9,a,7,b,11,c,8,d,9,e,12,f,7,
28,d,156,408,0,8,1,9,2,8,3,16,4,5,5,11,6,6,7,11,8,15,9,8,a,11,b,9,c,8,d,7,e,10,f,14,
28,0,2662,409,0,2513,1,14,2,13,3,11,4,10,5,12,6,8,7,10,8,5,9,10,a,11,b,8,c,11,d,8,e,10,f,8,
28,6,147,410,0,14,1,9,2,11,3,10,4,14,5,3,6,4,7,7,8,4,9,11,a,6,b,14,c,8,d,11,e,15,f,6,
28,b,160,411,0,5,1,10,2,13,3,13,4,8,5,6,6,11,7,19,8,4,9,17,a,8,b,10,c,7,d,9,e,11,f,9,
28,7,158,412,0,12,1,15,2,11,3,6,4,8,5,10,6,9,7,6,8,11,9,10,a,11,b,11,c,10,d,11,e,8,f,9,
28,9,151,413,0,7,1,10,2,2,3,8,4,7,5,13,6,16,7,10,8,10,9,14,a,8,b,7,c,4,d,14,e,8,f,13,
28,f,154,414,0,11,1,12,2,11,3,8,4,9,5,8,6,4,7,3,8,9,9,10,a,9,b,15,c,12,d,9,e,9,f,15,
28,3,151,415,0,6,1,6,2,8,3,6,4,8,5,9,6,11,7,13,8,14,9,8,a,6,b,11,c,14,d,12,e,10,f,9,
28,e,155,416,0,8,1,9,2,7,3,11,4,11,5,13,6,8,7,9,8,10,9,13,a,7,b,15,c,9,d,10,e,7,f,8,
28,8,163,417,0,10,1,12,2,12,3,9,4,8,5,11,6,10,7,9,8,14,9,8,a,12,b,13,c,13,d,6,e,5,f,11,
28,2,157,418,0,8,1,12,2,9,3,12,4,8,5,15,6,10,7,13,8,11,9,8,a,8,b,5,c,11,d,9,e,8,f,10,
28,c,142,419,0,7,1,8,2,7,3,8,4,9,5,9,6,8,7,11,8,12,9,8,a,6,b,12,c,13,d,6,e,10,f,8,
28,4,159,420,0,7,1,11,2,12,3,11,4,11,5,10,6,6,7,11,8,9,9,7,a,5,b,17,c,13,d,9,e,7,f,13,
28,5,162,421,0,9,1,15,2,12,3,10,4,16,5,9,6,12,7,5,8,10,9,10,a,9,b,9,c,12,d,6,e,9,f,9,
28,a,146,422,0,10,1,9,2,6,3,11,4,5,5,16,6,11,7,11,8,12,9,12,a,13,b,6,c,5,d,6,e,5,f,8,
28,1,178,423,0,12,1,12,2,12,3,13,4,9,5,9,6,12,7,14,8,12,9,12,a,7,b,16,c,11,d,9,e,10,f,8,
29,a,137,424,0,10,1,6,2,11,3,6,4,8,5,6,6,16,7,7,8,8,9,9,a,8,b,10,c,9,d,9,e,6,f,8,
29,0,2647,425,0,2518,1,8,2,9,3,5,4,10,5,12,6,6,7,12,8,14,9,8,a,12,b,7,c,6,d,7,e,7,f,6,
29,e,142,426,0,8,1,7,2,5,3,12,4,11,5,5,6,11,7,6,8,7,9,9,a,4,b,16,c,7,d,9,e,10,f,15,
29,5,164,427,0,14,1,8,2,11,3,9,4,7,5,13,6,11,7,11,8,8,9,6,a,12,b,10,c,9,d,13,e,8,f,14,
29,f,158,428,0,10,1,14,2,9,3,12,4,14,5,8,6,7,7,11,8,11,9,5,a,13,b,10,c,6,d,7,e,13,f,8,
29,d,142,429,0,4,1,8,2,10,3,9,4,7,5,8,6,10,7,14,8,7,9,6,a,10,b,14,c,6,d,8,e,10,f,11,
29,b,178,430,0,8,1,9,2,12,3,20,4,12,5,17,6,10,7,10,8,8,9,11,a,7,b,7,c,15,d,8,e,8,f,16,
29,8,162,431,0,14,1,11,2,13,3,4,4,9,5,9,6,15,7,15,8,13,9,8,a,8,b,8,c,8,d,7,e,8,f,12,
29,c,161,432,0,11,1,9,2,13,3,9,4,9,5,12,6,14,7,6,8,10,9,11,a,6,b,8,c,11,d,6,e,13,f,13,
29,7,162,433,0,11,1,9,2,14,3,6,4,15,5,7,6,8,7,10,8,10,9,15,a,7,b,5,c,11,d,12,e,11,f,11,
29,6,146,434,0,7,1,10,2,6,3,10,4,10,5,10,6,13,7,4,8,7,9,14,a,9,b,8,c,13,d,9,e,9,f,7,
29,9,166,435,0,11,1,7,2,9,3,11,4,10,5,14,6,11,7,7,8,9,9,8,a,17,b,5,c,11,d,12,e,13,f,11,
29,1,173,436,0,12,1,11,2,7,3,10,4,9,5,14,6,7,7,10,8,12,9,12,a,13,b,10,c,15,d,10,e,10,f,11,
29,2,154,437,0,7,1,9,2,14,3,11,4,10,5,8,6,12,7,10,8,6,9,10,a,7,b,14,c,6,d,9,e,9,f,12,
29,4,146,438,0,11,1,8,2,9,3,13,4,9,5,10,6,6,7,5,8,7,9,8,a,10,b,12,c,13,d,8,e,9,f,8,
29,3,163,439,0,11,1,14,2,9,3,12,4,5,5,13,6,14,7,12,8,8,9,9,a,12,b,9,c,7,d,12,e,11,f,5,
30,9,149,440,0,7,1,9,2,15,3,10,4,8,5,11,6,5,7,12,8,2,9,11,a,11,b,9,c,9,d,8,e,9,f,13,
30,0,2667,441,0,9,1,2515,2,15,3,12,4,12,5,8,6,16,7,4,8,11,9,15,a,13,b,9,c,9,d,9,e,3,f,7,
30,f,168,442,0,10,1,9,2,10,3,13,4,13,5,7,6,11,7,12,8,11,9,12,a,7,b,8,c,7,d,14,e,18,f,6,
30,8,145,443,0,12,1,9,2,9,3,10,4,14,5,6,6,15,7,6,8,9,9,8,a,5,b,12,c,7,d,4,e,10,f,9,
30,2,161,444,0,9,1,10,2,9,3,14,4,9,5,9,6,7,7,15,8,12,9,10,a,10,b,9,c,11,d,9,e,12,f,6,
30,5,166,445,0,8,1,15,2,11,3,13,4,7,5,13,6,10,7,11,8,15,9,11,a,14,b,6,c,11,d,7,e,4,f,10,
30,7,150,446,0,8,1,10,2,9,3,11,4,9,5,16,6,10,7,12,8,2,9,12,a,5,b,10,c,5,d,13,e,11,f,7,
30,b,153,447,0,7,1,4,2,13,3,9,4,10,5,10,6,9,7,8,8,6,9,8,a,15,b,10,c,14,d,9,e,12,f,9,
30,6,171,448,0,12,1,15,2,4,3,7,4,5,5,11,6,15,7,17,8,16,9,9,a,9,b,9,c,12,d,9,e,14,f,7,
30,4,155,449,0,13,1,10,2,8,3,5,4,9,5,10,6,9,7,14,8,11,9,12,a,9,b,12,c,9,d,6,e,5,f,13,
30,a,155,450,0,10,1,9,2,5,3,14,4,11,5,8,6,8,7,9,8,6,9,11,a,11,b,8,c,9,d,15,e,11,f,10,
30,c,153,451,0,7,1,9,2,11,3,9,4,8,5,14,6,9,7,7,8,10,9,9,a,8,b,7,c,12,d,7,e,13,f,13,
30,e,155,452,0,5,1,4,2,7,3,8,4,11,5,11,6,10,7,10,8,10,9,10,a,5,b,15,c,16,d,8,e,14,f,11,
30,1,148,453,0,14,1,8,2,10,3,7,4,8,5,9,6,7,7,11,8,18,9,7,a,12,b,12,c,8,d,4,e,4,f,9,
30,d,146,454,0,12,1,15,2,7,3,11,4,8,5,4,6,7,7,11,8,7,9,7,a,11,b,8,c,9,d,10,e,9,f,10,
30,3,159,455,0,12,1,11,2,7,3,14,4,8,5,11,6,8,7,8,8,12,9,10,a,10,b,4,c,9,d,12,e,11,f,12,
31,2,150,456,
31,1,2662,457,
31,3,167,458,
31,6,156,459,
31,7,167,460,
31,0,155,461,
31,a,155,462,
31,9,162,463,
31,4,150,464,
31,8,158,465,
31,5,158,466,
31,f,152,467,
31,b,148,468,
31,e,160,469,
31,c,157,470,
31,d,144,471,
9999999999999
9999999999999
