0,2,41,0,0,12,6,9,8,5,a,15,
1,6,9,1,0,9,
1,a,15,2,0,15,
1,0,12,3,0,12,
1,8,5,4,0,5,
2,0,41,5,0,8,1,12,2,6,3,1,4,4,5,3,6,4,7,3,
3,6,4,6,2,1,3,1,9,2,
3,0,8,7,0,1,1,4,b,1,c,2,
3,1,12,8,0,10,4,2,
3,7,3,9,2,1,5,2,
3,2,6,10,0,2,6,2,a,2,
3,4,4,11,1,2,2,2,
3,5,3,12,4,1,8,1,f,1,
3,3,1,13,a,1,
4,9,2,14,e,2,
4,c,2,15,b,2,
4,0,13,16,0,1,2,2,5,4,6,2,a,2,b,1,e,1,
4,5,2,17,6,2,
4,6,2,18,e,2,
4,a,3,19,9,1,c,2,
4,2,4,20,3,1,c,2,e,1,
4,1,6,21,0,2,5,4,
4,4,3,22,8,2,c,1,
4,b,1,23,4,1,
4,8,1,24,f,1,
4,3,1,25,f,1,
4,f,1,26,e,1,
5,e,7,27,0,2,8,3,a,2,
5,b,3,28,4,1,e,2,
5,5,8,29,0,2,6,3,7,1,b,2,
5,6,4,30,7,2,8,2,
5,c,5,31,2,2,8,3,
5,0,3,32,0,2,e,1,
5,2,2,33,c,2,
5,8,2,34,7,2,
5,9,1,35,c,1,
5,a,2,36,0,2,
5,3,1,37,c,1,
5,4,1,38,2,1,
5,f,2,39,4,1,8,1,
6,8,9,40,0,6,1,1,3,2,
6,e,3,41,0,3,
6,7,5,42,8,2,9,1,c,2,
6,a,2,43,0,2,
6,2,3,44,0,1,4,2,
6,6,3,45,0,2,9,1,
6,0,8,46,0,4,4,2,8,2,
6,c,4,47,0,4,
6,b,2,48,8,2,
6,4,2,49,0,1,8,1,
7,0,23,50,0,14,1,1,3,3,8,1,b,3,c,1,
7,9,2,51,8,1,f,1,
7,3,2,52,0,1,9,1,
7,4,4,53,8,2,f,2,
7,c,2,54,0,2,
7,8,7,55,0,1,8,4,a,2,
7,1,1,56,d,1,
8,3,3,57,0,1,1,1,2,1,
8,0,18,58,0,15,2,2,9,1,
8,8,8,59,0,3,1,1,2,2,5,2,
8,c,1,60,8,1,
8,b,3,61,a,2,f,1,
8,9,1,62,f,1,
8,f,3,63,0,2,b,1,
8,1,1,64,0,1,
8,a,2,65,2,2,
8,d,1,66,9,1,
9,2,7,67,0,1,5,2,6,2,a,1,c,1,
9,0,22,68,0,19,1,1,7,2,
9,5,2,69,1,1,c,1,
9,8,1,70,5,1,
9,a,2,71,b,2,
9,f,2,72,0,1,b,1,
9,b,1,73,c,1,
9,1,2,74,0,2,
9,9,2,75,2,1,6,1,
10,a,1,76,2,1,
10,0,23,77,0,18,6,1,7,1,9,1,e,1,f,1,
10,c,3,78,0,1,5,1,f,1,
10,1,2,79,2,1,c,1,
10,5,3,80,1,1,9,2,
10,b,3,81,2,1,e,2,
10,6,3,82,3,2,9,1,
10,2,1,83,0,1,
10,7,2,84,d,2,
11,2,3,85,0,1,2,1,8,1,
11,0,20,86,0,17,7,1,8,1,c,1,
11,c,1,87,0,1,
11,1,1,88,0,1,
11,e,3,89,0,2,b,1,
11,f,2,90,a,1,c,1,
11,6,1,91,c,1,
11,5,1,92,0,1,
11,9,4,93,0,2,6,1,9,1,
11,3,2,94,0,1,a,1,
11,7,1,95,0,1,
11,d,2,96,0,2,
12,2,1,97,f,1,
12,0,29,98,0,26,3,1,e,2,
12,7,1,99,7,1,
12,c,3,100,9,1,b,1,f,1,
12,a,2,101,1,1,9,1,
12,8,2,102,7,1,9,1,
12,b,1,103,2,1,
12,9,1,104,4,1,
12,6,1,105,4,1,
13,f,2,106,8,1,c,1,
13,0,26,107,0,26,
13,7,2,108,0,1,c,1,
13,e,2,109,7,1,b,1,
13,9,3,110,1,1,7,1,8,1,
13,2,1,111,a,1,
13,b,1,112,1,1,
13,3,1,113,0,1,
13,4,2,114,9,1,e,1,
13,1,1,115,4,1,
14,c,2,116,4,1,a,1,
14,0,28,117,0,26,2,1,b,1,
14,7,2,118,9,1,b,1,
14,1,2,119,7,1,f,1,
14,8,2,120,8,1,b,1,
14,a,1,121,5,1,
14,e,1,122,1,1,
14,4,1,123,9,1,
14,9,1,124,8,1,
14,b,1,125,4,1,
15,a,1,126,6,1,
15,0,26,127,0,26,
15,b,3,128,a,1,c,1,f,1,
15,9,2,129,3,1,e,1,
15,f,1,130,4,1,
15,8,2,131,0,1,f,1,
15,4,2,132,3,1,c,1,
15,5,1,133,9,1,
15,7,1,134,b,1,
15,2,1,135,c,1,
15,1,1,136,9,1,
16,6,1,137,
16,0,27,138,
16,c,3,139,
16,e,1,140,
16,4,1,141,
16,f,2,142,
16,9,2,143,
16,b,1,144,
16,3,2,145,
16,a,1,146,
9999999999999
9999999999999
