17,e,1,147,0,1,
17,0,27,148,0,26,3,1,
17,7,1,149,6,1,
17,8,4,150,1,1,3,1,6,1,e,1,
17,f,3,151,1,1,a,1,e,1,
17,c,1,152,f,1,
17,b,1,153,b,1,
17,4,1,154,b,1,
17,a,1,155,3,1,
17,1,1,156,b,1,
18,0,27,157,0,26,a,1,
18,6,2,158,2,1,c,1,
18,3,3,159,0,1,1,1,7,1,
18,e,2,160,b,1,d,1,
18,f,1,161,8,1,
18,b,3,162,3,1,a,1,c,1,
18,1,2,163,3,1,4,1,
18,a,1,164,6,1,
19,a,2,165,0,1,b,1,
19,0,27,166,0,26,4,1,
19,c,2,167,1,1,b,1,
19,1,1,168,2,1,
19,2,1,169,1,1,
19,7,1,170,3,1,
19,d,1,171,9,1,
19,8,1,172,c,1,
19,3,2,173,0,1,6,1,
19,6,1,174,6,1,
19,4,1,175,3,1,
19,b,1,176,0,1,
20,b,2,177,0,1,7,1,
20,0,29,178,0,26,1,1,5,1,f,1,
20,2,1,179,5,1,
20,1,2,180,3,1,c,1,
20,3,2,181,c,1,d,1,
20,9,1,182,6,1,
20,c,1,183,2,1,
20,6,2,184,6,1,c,1,
20,4,1,185,b,1,
21,0,27,186,0,26,d,1,
21,7,1,187,5,1,
21,5,2,188,8,1,b,1,
21,3,1,189,5,1,
21,d,1,190,7,1,
21,6,2,191,8,1,9,1,
21,2,1,192,f,1,
21,c,3,193,3,1,4,1,a,1,
21,f,1,194,9,1,
21,b,1,195,f,1,
21,1,1,196,9,1,
22,d,1,197,2,1,
22,0,26,198,0,26,
22,5,2,199,1,1,4,1,
22,8,2,200,2,1,a,1,
22,7,1,201,4,1,
22,f,2,202,6,1,8,1,
22,4,1,203,8,1,
22,9,3,204,2,1,6,1,8,1,
22,a,1,205,1,1,
22,3,1,206,4,1,
22,b,1,207,c,1,
23,2,3,208,2,1,5,1,e,1,
23,0,26,209,0,26,
23,4,3,210,3,1,b,1,e,1,
23,a,1,211,0,1,
23,1,2,212,7,1,a,1,
23,8,3,213,0,2,b,1,
23,6,2,214,4,1,8,1,
23,c,1,215,5,1,
24,5,2,216,6,1,c,1,
24,0,29,217,0,27,4,1,8,1,
24,b,2,218,6,1,f,1,
24,7,1,219,6,1,
24,3,1,220,0,1,
24,e,2,221,2,1,f,1,
24,2,1,222,3,1,
24,8,1,223,e,1,
24,a,1,224,c,1,
24,4,1,225,7,1,
25,6,3,226,2,1,7,1,b,1,
25,0,28,227,0,26,d,1,f,1,
25,f,2,228,1,1,5,1,
25,8,1,229,8,1,
25,2,1,230,1,1,
25,4,1,231,f,1,
25,3,1,232,7,1,
25,e,1,233,c,1,
25,c,2,234,8,1,f,1,
25,7,1,235,a,1,
26,7,2,236,7,2,
26,0,26,237,0,26,
26,5,1,238,5,1,
26,8,2,239,1,1,2,1,
26,2,1,240,b,1,
26,f,3,241,3,1,6,1,d,1,
26,1,2,242,5,1,9,1,
26,b,1,243,f,1,
26,c,1,244,7,1,
26,a,1,245,3,1,
26,d,1,246,3,1,
27,7,3,247,3,1,9,1,d,1,
27,0,26,248,0,26,
27,5,2,249,6,1,e,1,
27,2,1,250,b,1,
27,b,1,251,7,1,
27,d,1,252,9,1,
27,9,1,253,7,1,
27,f,1,254,f,1,
27,3,3,255,9,1,b,1,d,1,
27,1,1,256,6,1,
27,6,1,257,b,1,
28,d,2,258,7,1,a,1,
28,0,26,259,0,26,
28,6,2,260,e,2,
28,b,3,261,5,1,b,1,c,1,
28,7,2,262,d,1,f,1,
28,9,3,263,5,1,7,1,8,1,
28,f,1,264,5,1,
28,3,1,265,5,1,
28,e,1,266,8,1,
29,a,1,267,9,1,
29,0,26,268,0,26,
29,e,2,269,2,1,f,1,
29,5,4,270,5,2,8,1,b,1,
29,f,1,271,2,1,
29,d,1,272,f,1,
29,b,1,273,7,1,
29,8,2,274,6,1,f,1,
29,c,1,275,b,1,
29,7,2,276,5,1,7,1,
30,9,1,277,2,1,
30,0,26,278,1,26,
30,f,3,279,0,1,3,1,9,1,
30,8,1,280,3,1,
30,2,2,281,6,1,7,1,
30,5,3,282,7,1,a,2,
30,7,2,283,2,1,3,1,
30,b,2,284,4,1,5,1,
30,6,1,285,8,1,
31,2,2,286,
31,1,26,287,
31,3,3,288,
31,6,1,289,
31,7,2,290,
31,0,1,291,
31,a,2,292,
31,9,1,293,
31,4,1,294,
31,8,1,295,
31,5,1,296,
9999999999999
9999999999999
